#0
957
392
947
134
782
249
700
506
864
305
680
337
409
230
930
968
124
142
433
707
357
322
632
788
135
304
697
103
116
952
148
482
326
966
872
755
51
384
897
874
913
426
689
992
245
22
635
179
507
661
35
378
567
691
906
741
983
519
461
310
702
751
659
762
914
791
3640
4863
1150
3748
3787
4000
2054
3264
3678
3302
1619
1272
3482
2286
4519
4848
3242
4885
1775
1633
3374
4758
2070
2738
3869
3889
3155
4202
4842
4963
2869
4258
3828
3147
4236
1815
2832
1257
1508
2561
2715
2258
4635
4302
4397
4847
4742
1805
2255
3663
3741
1412
2014
4396
4947
3839
1728
2265
1303
1765
3088
2464
3704
2608
3888
1799
2364
3613
4997
1001
1176
2878
1177
1895
2512
4431
4873
1211
3605
4018
2687
2855
4226
1441
1769
4307
4548
2274
2666
3661
3683
1920
2205
4642
1783
1870
2179
2560
1119
2586
1515
1990
1087
1110
1446
1773
2700
3578
3929
4467
2247
2941
3211
2328
4034
3143
1759
1909
2775
3589
4074
4909
1384
2692
1105
4129
4424
1906
3029
3383
4061
4380
4515
446
3287
1005
1286
4156
4550
4174
1232
1836
1234
2508
3662
1865
3130
3336
4277
3443
3856
4479
4695
4130
1771
3730
4238
4680
2906
3676
3567
2750
1402
1703
3101
4033
1746
2175
4342
3623
4366
3344
2581
3814
2622
3420
1231
1514
2171
1883
1186
2852
1980
3485
1433
1547
3223
3313
4436
1210
3510
1948
4048
4361
3416
1787
1163
3043
4566
3061
1901
3722
4941
1092
1205
1364
3286
3370
4382
2346
4584
1382
4509
1606
3557
1841
2437
3209
3625
4739
2226
3633
2319
3531
3310
4434
2064
1537
4729
4902
1550
1831
1898
3483
4271
3424
1806
3093
3091
3232
3411
4908
4874
1036
1215
1825
1866
2554
3768
4452
2164
2323
4376
69
4162
1258
1505
1083
2671
4507
4897
1294
1318
3832
3883
3384
2460
2572
4384
4867
1427
1440
3221
3786
1832
2340
2710
2129
4670
2313
4849
4998
1090
1445
3054
4726
4955
4570
1929
1965
1415
3580
2541
4675
2254
2955
4554
2995
1756
1903
4407
1166
3051
2297
1978
4125
2287
4590
4797
2372
1921
1458
2371
3334
4409
1271
2391
2713
1904
2390
1198
2217
2240
3522
1413
1847
3350
4443
3960
4915
2719
271
1287
1566
2074
4381
4288
4624
1598
2739
2147
3274
282
1311
3423
490
2716
2231
2851
1487
2100
2665
4454
3601
3989
2027
4076
3353
1861
2550
3218
4884
1145
4474
2289
2644
3809
1097
4836
1609
1786
2844
3357
4006
4383
1128
1642
2037
3985
2188
1912
1957
2533
3941
4198
4069
2152
4922
1183
2681
3851
3982
3574
3751
4561
1079
4818
1114
4853
1302
3005
3649
3097
1894
4005
2072
2964
2643
3766
3581
1732
3763
1884
2727
2553
3227
3469
4981
1242
1400
3141
1151
4890
1559
2411
2735
4901
1162
1516
4980
1241
3518
1777
3296
2864
1123
4862
1557
2307
2591
1169
2910
2939
3139
2213
3954
1863
2539
4280
4233
4019
2389
1444
4926
1187
2357
2422
1708
1942
3427
4491
2099
2659
2717
4040
4751
1012
1269
1392
1729
2190
3617
1924
3665
4776
1037
2450
3776
4952
1213
3865
1360
1790
1802
3774
1493
1638
2367
4028
3368
2433
1080
4819
3351
1610
2788
2988
3630
4011
4285
2049
3790
1661
1875
3758
4219
1540
2029
1129
4868
1577
2277
2488
3591
4426
2999
4740
1532
1816
1969
3912
2998
2401
2413
2373
3612
2829
2861
3176
1918
4837
1098
2153
3894
4083
2399
2985
1839
2112
4180
3082
2521
1179
4918
2920
3924
4149
4982
1243
4841
1102
1359
1593
2511
2079
3820
3547
4077
338
2002
4231
4658
3844
1113
4852
3415
4190
1670
1753
1970
3711
3777
3916
4521
3969
4641
3695
1954
3529
4092
4762
1023
3246
1365
3624
4954
2712
2052
4995
1256
2045
3734
2091
4796
1057
3579
4338
599
4789
1050
3048
3157
2473
4214
4608
1491
4075
2334
3161
3696
2185
3756
17
2206
3947
4785
1046
3463
4031
3719
3991
1711
2428
3639
4339
3495
4524
1042
4781
4813
1074
1332
2281
2626
4820
1081
1338
2452
1749
3490
3675
3891
3369
3744
4150
3879
1798
2335
4685
1168
4907
4650
3606
1078
4817
1742
4505
2690
3901
2324
3359
2168
3516
2448
1683
1100
4839
2296
3632
3541
1800
2431
2487
3039
2065
3290
1662
2116
4266
1546
1680
2590
4200
1147
4886
2766
3020
4761
1022
1279
3788
4295
1778
3843
1028
4767
4510
2689
1144
4883
1468
3645
2573
3680
2061
168
3907
684
4423
1076
4815
2548
1399
1620
3077
4659
1852
1982
2084
2461
2257
3998
259
32
3771
3514
2980
4721
3968
2227
3830
2804
3057
3707
3731
1208
1744
3634
3880
1808
3549
3121
1380
1288
4770
1031
4118
4004
3555
4724
2983
1935
2945
3627
1902
3643
3337
1596
2537
2092
3833
4107
368
633
4372
4115
2479
4242
1896
1389
4871
1132
4593
1111
4850
1411
3397
1656
3896
1760
4292
2694
4435
1735
1793
1976
2420
1867
2115
4290
2360
4135
2453
1682
3395
3962
223
4481
3757
4184
1135
1139
4878
1153
4892
1535
2087
2752
1710
3451
3598
3697
3564
2169
3910
2926
1185
4924
1424
1465
1466
1624
1571
3860
2119
2131
3231
3829
2516
3381
3733
3565
1613
3648
3259
683
4422
2424
2447
2849
4597
4091
2350
3946
4281
2540
1649
3390
3432
1691
1736
3545
1804
2607
2393
2532
2997
2737
4478
2772
4513
2989
4730
2462
4990
1251
3249
2564
1582
3323
4401
3672
1931
2946
1764
3505
2143
2315
4319
2578
2695
4131
4494
3235
4976
1237
1206
4945
3876
137
2135
4111
2370
3822
1282
4764
1025
3201
4456
4845
1106
1391
3569
3978
1482
2023
3976
2235
3491
1109
2835
3331
1590
1659
3377
3214
3405
2355
4096
4749
1010
1086
4825
2654
2763
4300
4311
1562
3303
4555
816
3319
2778
1069
4808
2810
3674
4354
4696
1214
4953
1277
1705
2811
4552
3175
3301
4051
4335
596
3205
1464
1843
3515
3837
2096
4241
2500
2577
1905
3646
4622
2053
3794
4697
3399
4831
2454
4195
456
2098
4036
2295
1027
4766
2086
2256
4334
2529
1224
2965
3769
2028
3253
1842
2843
3706
1368
4919
1180
2796
1055
4794
2848
4589
850
1107
4846
2935
1194
4933
3952
4795
1056
2938
1197
4936
1837
3314
3603
3965
2523
4264
2210
2466
3341
4720
1238
4977
1396
1868
3609
2638
3525
2884
4625
2621
4362
3343
1602
1853
2326
3892
1091
4830
4573
4527
2786
3899
160
3247
4988
1249
1835
1075
4814
1191
4930
2136
3877
3749
2008
3948
1296
1352
1623
1854
1981
3280
4492
1394
4876
1137
4414
2673
1781
2268
3548
1807
3439
4138
1851
2157
2496
2046
2857
3895
4411
1519
1919
3456
1201
4940
4683
3804
2063
4106
4287
3062
4803
1064
4829
2722
3111
4693
4802
1063
1320
2056
3563
1822
2583
1297
3038
4779
1040
3709
1968
2219
1643
3159
1418
3431
1690
4345
1723
3882
2141
1983
2901
1160
4899
4437
4627
2886
3220
4340
1122
4861
4604
4158
2417
2723
2628
4369
1767
2176
2382
3410
1608
3349
4826
1344
2167
1878
248
3987
2812
1071
4810
4363
4256
2610
891
4630
3570
2950
4691
1209
4948
2725
1712
3453
2535
4276
2630
4895
1156
4390
2649
3930
1747
3488
2760
1019
3927
4063
581
4320
1404
2916
1175
4914
3842
1373
1378
2271
3094
3689
1220
4959
1880
1785
3526
4349
610
2703
1343
3084
1533
2261
4002
2356
1309
4574
2833
2922
4663
3017
3474
1733
1551
3670
4079
2978
1436
701
4440
3596
1390
3036
2118
3859
4682
4253
514
3089
1348
4640
1289
877
4616
3346
2161
3136
4782
1043
1611
2434
4155
2414
4060
3332
1591
4442
3215
1569
1579
2865
4606
2960
1743
1667
3408
1266
3007
4843
1104
1361
2184
2362
3170
1429
4911
1172
2347
4088
349
1524
3265
3684
2531
4272
4654
3831
4408
669
2667
4313
4525
2784
2165
3906
1342
3083
1020
4759
1095
4834
1504
3973
1545
3015
1274
2097
2396
655
4394
4137
4232
2491
4068
2736
4477
2395
3297
4433
2787
2882
1141
4880
4055
316
3327
1586
4196
3468
1727
1803
3544
2212
3953
2060
3801
2574
1751
3308
2485
1576
3317
4248
3677
4500
2031
1217
4956
4699
1407
2919
1178
4917
3538
4765
1026
2201
3942
2475
4216
3398
1327
3068
1414
1442
2993
4734
4465
2724
4094
2353
2406
1393
4875
1136
3324
1583
4110
371
628
4367
3192
1451
2387
4128
3305
1469
4951
1212
3116
1060
4799
4542
4637
2896
3315
4105
1032
4771
4514
775
4609
870
2868
2639
3462
4594
2853
1714
3455
1173
4912
2379
4943
1204
3202
1233
4972
1961
3702
2839
4485
4337
2292
3568
1004
4743
2745
4581
1099
4838
1922
3347
4170
4844
3103
4021
2280
2802
2354
613
4352
2259
2708
4449
2404
2309
4050
2663
4404
1216
4698
2957
3011
2126
4254
2513
772
4511
2418
4064
1117
4856
4599
2953
1471
3212
3422
4754
1015
3013
1762
3503
3417
2262
4003
4921
1182
3180
4412
2743
4484
3003
1262
4744
1357
3098
3921
182
4398
1326
3067
4080
2339
2770
2875
1134
3693
1952
2249
1426
2792
2887
1146
2697
4438
2822
1999
1096
4835
2837
3380
4099
2358
1308
4790
1051
3854
1385
964
4703
2705
236
3975
2800
1059
4798
3528
4413
2672
3284
2898
4888
1149
3042
4109
1522
2345
4391
909
4648
2555
4119
4301
1927
186
3925
1637
2547
4592
4420
4325
3597
1856
1462
639
4378
499
3063
4804
1065
1322
2145
1997
3738
4556
1693
729
4468
1457
3198
4344
1973
3714
3034
3224
1483
4047
2306
4870
1131
3129
2163
3904
1245
4984
4727
4418
2677
2582
4323
3376
1635
4927
1188
1530
3271
2203
3944
1940
4864
1125
3123
4350
3532
4355
616
1021
4760
2762
1430
3171
283
4022
3765
2204
3945
2137
3878
4891
1152
3150
1409
1626
3367
95
3834
3387
1339
3080
3996
3268
1527
1118
4857
4293
2647
1801
3447
4365
2624
2105
3846
1707
3448
4714
2973
2664
3587
1846
1501
3992
3174
2318
4059
2172
3117
1376
458
4197
2199
2823
4564
2095
2928
1386
3127
2571
1653
3394
3798
2067
1568
3309
4132
2383
4124
1250
4989
4732
993
1428
2959
4700
1581
3322
4240
2499
763
4502
2504
4549
2080
4017
278
2381
2467
4508
3685
4718
1236
4975
1221
4960
2615
3533
1792
3243
1911
3652
4665
926
4536
1054
4793
4840
1101
3099
3932
4057
3058
1507
3267
2349
4090
4913
1174
1346
1694
4148
3325
3739
4966
1227
3971
3053
1312
3667
1926
3572
2749
4538
2493
4962
1223
2682
2273
4937
1455
3970
2229
3052
3875
3816
2170
1478
3219
2301
4042
3124
4865
1126
1443
3184
2440
3358
1617
3767
3699
2728
4073
1604
3496
4419
2678
4071
3658
1917
2133
3874
4887
1148
1405
4283
544
896
2637
1719
3460
3858
2940
4681
2526
4267
1077
4816
2818
3636
1167
4906
2676
4417
3295
1554
4489
2748
3571
3915
2174
2114
3156
3979
4792
1053
1520
1330
4812
1073
1374
1315
4607
1563
3304
4222
2481
2386
4127
2077
3000
1259
4636
2895
4487
748
4677
1195
4934
2474
4215
3392
4046
4869
1130
3016
4652
3521
1780
1685
3426
2623
4522
2781
2220
2948
1207
4946
4689
4731
3959
2218
2341
2246
1397
3138
4993
1254
1511
1410
4255
3355
1614
2793
1052
4791
4534
795
2040
3642
1700
3441
3536
1795
2458
4199
4523
3964
3236
1495
2520
1697
4662
2921
3679
4308
2567
4157
3949
2530
4084
345
2720
4461
1622
4603
1121
4860
3590
2747
4488
4678
939
1196
4935
3760
2019
3755
3471
2912
3735
4217
478
2476
1463
4043
2302
3478
1737
2430
4171
4745
1006
3004
4692
2951
1084
4823
1190
4929
2931
3026
1285
3725
1984
4712
3066
2589
3701
2055
1024
4763
2765
1834
3294
1648
3001
1260
4999
1016
4755
4100
2363
4832
1093
4717
978
3868
2222
4
3743
1745
3391
1497
1417
2954
4646
1164
4903
2794
4535
2889
3807
2066
2943
4684
1757
1738
3841
3385
2897
4177
438
3881
1947
3688
3887
2146
3064
1323
1228
4967
2969
1133
4872
2874
4615
876
4572
4565
4447
2007
4931
1192
3190
4827
1088
1345
2830
4571
1089
4828
4406
196
3935
1937
4151
4269
2528
2144
3885
4612
2966
4205
3936
4854
1115
1372
3113
1467
1687
3428
3955
2214
4126
2468
1629
1872
4309
4026
3819
3727
2972
1796
3537
1689
1454
3195
4722
2981
1335
2484
4225
4415
2674
1899
2627
4368
2799
4540
1813
3554
4377
638
2834
4575
2400
4141
2498
3504
1763
1660
2967
1226
4965
2777
4518
779
4634
4053
4539
4725
2558
4299
3436
2018
3759
3031
4772
1033
1290
4991
1252
2741
4482
3736
3622
1932
3673
1319
4801
1062
3481
1740
3618
4341
2600
2543
1496
3559
1818
2915
2756
2754
1013
4752
3626
1885
4020
2279
4938
1199
1456
3270
1351
3092
4243
2202
3120
1379
3230
1489
2275
4016
1333
2975
4716
2178
3506
2588
4329
590
1552
3293
3118
3983
2050
4178
3450
1709
3025
1284
1189
4928
4671
2930
3546
64
3803
365
4104
1916
3657
2557
2197
3112
2194
2536
2441
1448
3189
3535
268
4007
2009
2236
3977
238
2714
4455
1655
3396
4206
2465
3222
1481
1945
2196
3937
2693
3690
1949
4425
2684
1665
1612
1521
4085
346
603
2344
3144
1403
3006
1265
1048
4787
4530
3375
1634
3573
4774
1035
1292
4664
4457
4247
3826
1268
3009
4958
1219
4788
1049
3047
1306
3775
2771
4512
1030
4769
2283
4024
285
1864
1817
4496
1014
4753
2606
4347
4173
4316
2648
4389
3900
2159
4146
2405
2384
3107
1366
2970
4711
3179
4920
1181
1915
3418
1677
3461
1717
1034
4773
1009
4748
3519
3407
2501
1936
3635
4327
3225
3770
2646
2266
2090
3782
2652
1555
1449
936
3909
3316
2883
4143
4186
3778
1307
3056
1184
4923
4428
3070
1387
2847
1811
1247
4986
2250
3160
2992
4445
2757
1453
3438
2551
4284
3789
50
3292
3032
2423
1977
1939
2873
3074
1874
1331
2005
3686
3465
4304
4470
4116
377
2471
1716
1992
2636
2477
2374
3980
4713
3740
1871
4855
1116
3919
3668
1761
2859
1953
1666
3342
2472
2117
4400
3692
3501
1810
2276
4979
1240
3177
3278
3602
4623
3660
1041
4780
3647
3784
2545
3166
2576
1850
4009
4806
1067
3967
2264
4747
1008
2082
2451
1944
4120
1838
4429
3196
1675
4446
3650
4082
2701
3754
3666
2111
4547
3586
1561
1556
1304
1943
2336
4045
2378
2230
3780
2854
2198
2021
1876
1553
1039
4778
123
3862
3002
2361
4728
4121
382
1592
1235
4974
4541
3783
4483
3252
3534
3263
4973
3848
4251
4738
4213
3164
2044
3440
3233
1108
4669
2908
3493
3713
4674
4987
1248
1229
4968
4263
4992
1253
1298
4152
3479
3654
3256
3173
4498
759
2186
2549
1791
2942
4569
2759
2538
3492
2645
1812
3152
3140
1425
4957
1218
3371
1725
4746
1007
3724
1336
3458
1222
4961
3556
2173
3926
3990
4027
3320
2132
2502
4783
1044
1529
3008
3897
2559
3373
3477
1925
1907
4093
2510
1684
2562
3588
4579
4038
3076
3075
3513
1963
4364
3457
2828
1334
3651
4133
3444
3115
1857
4453
1431
1337
4049
4626
3261
4657
3691
3585
2316
1673
1470
3226
2746
3153
2934
1928
3090
2808
4450
3956
2522
3577
4023
2776
2291
1299
4052
3694
4351
4501
2790
4469
2376
3311
2893
2338
4134
2662
3815
4639
3409
4757
1018
3871
3237
4708
3119
4661
3276
3194
2805
2427
2831
1966
2042
4430
2160
2006
3162
3126
2841
1971
1573
2445
4252
2085
1828
2932
3963
2224
1490
4676
4644
4463
3943
1371
3414
3861
4756
1017
3509
1329
3582
2877
3502
3716
2709
2120
4432
2614
2278
4591
3229
4473
3540
2858
3950
2801
2653
4480
3059
1989
4610
3810
1704
1437
4393
3616
2729
4462
723
2182
2563
1859
2612
4673
2514
2106
2914
4735
3742
2308
1962
4558
4580
3484
3114
3065
2807
2774
4332
2903
2544
2704
1587
4531
3682
2244
2251
2342
2032
1578
1979
1498
3149
4821
1082
4493
4315
4008
2789
2668
1860
3069
3328
3288
3273
2860
2733
2699
2534
2611
2270
2616
1647
1641
3562
2655
4273
3864
4333
2348
1657
4613
1632
1526
3257
1946
3413
3499
3289
4629
2944
2058
1776
1651
1509
4395
4881
1142
3386
2148
3717
1923
3497
2482
1849
1779
1120
4859
1541
4191
3507
4188
1155
4894
4081
3933
4517
3918
2742
4679
3747
1419
2094
4427
1974
1341
3659
2134
3629
2657
3595
3539
3281
4653
4262
4687
2059
2388
1640
3847
4811
1072
2016
3732
2982
3873
1321
3867
2661
4014
2990
1300
4939
1200
4385
3938
4559
4298
3721
1202
4160
4996
3269
4866
1127
1439
1293
2758
1143
4882
3071
3886
3172
3857
2650
4144
2492
1668
3200
4706
2718
2039
1908
1631
2782
3972
2565
4353
1848
1580
2603
2436
2151
2702
1369
4054
3251
3781
3361
4905
4181
2310
4660
4596
4029
2888
2867
1158
3599
2546
1045
4784
4688
3681
4025
3339
2890
4223
3362
4208
3631
4475
2691
3729
2486
3687
2392
3994
4346
3898
1574
1171
4910
3508
1995
3472
2285
1461
3245
1681
2809
4286
2495
3285
2761
4012
2368
1950
2107
2806
1972
1713
3512
2195
1692
3753
4983
1244
3142
4822
4102
2366
1734
2209
4224
4066
1066
4805
1058
4619
2685
1758
1750
3401
3206
1355
1679
3466
1401
4533
4165
3890
1003
4392
2721
3520
2410
2238
1599
1103
1500
1958
4985
1246
3182
3723
4490
3703
2755
3988
2288
1484
1476
1324
2483
2211
2791
2779
4260
1833
1601
2631
3260
3045
1873
2911
1988
2929
2189
4297
2369
1741
1011
4750
1701
3698
4503
2221
3923
3108
2642
4265
4249
3430
2732
4030
2300
3669
2598
2494
1892
1827
4889
4877
1138
2162
1280
4638
1261
4373
2660
1616
3425
1347
3402
2325
2158
4058
1157
4896
3073
2599
1625
1421
4551
4246
4097
3372
3262
1910
2987
3400
2891
4278
4944
4476
2149
3300
3283
2971
1941
1877
1575
1782
4631
4617
1416
3186
1383
4459
1891
219
3958
3951
3791
2456
3475
2108
1538
1528
1002
4741
1639
4374
3210
2409
3737
2312
1951
1993
2463
2083
3318
2579
1869
3710
4192
2480
2193
1085
4824
3085
4632
4458
1794
3354
1889
4544
4318
4633
4065
3183
4211
3914
3638
3489
4328
2602
4153
3745
2150
3993
3291
3239
3234
4405
4949
2991
2125
1726
2304
3957
3920
4172
4723
2527
1789
3437
2744
4893
1154
3204
1955
4356
4562
3800
4705
2110
1594
1986
1534
1460
2613
3592
3335
1652
3258
3808
2089
4403
2842
2753
1565
2795
3185
4444
3282
3715
4709
3644
3584
3027
2043
1774
1328
3321
2062
4707
2986
3429
3750
2010
1820
3165
1766
4275
3379
2632
3524
1589
2979
4602
2566
1887
3884
1314
3498
2507
2225
1975
1518
4182
3254
2012
4504
1203
4942
2515
1523
4588
2923
3035
4545
4336
4193
4117
1388
2282
2900
4357
2824
2618
2525
3653
1450
4690
3997
3329
2036
3811
2330
2568
1354
4560
3055
4044
3939
2585
2243
3845
3773
3187
1934
2706
4145
1784
1543
2688
3072
3818
1615
1513
2359
4194
1310
1845
1350
2894
2707
2819
2034
2947
2025
2416
4668
2503
4645
4282
1829
3764
3445
2814
2913
1672
2215
3312
3981
4244
505
3931
2093
2299
2871
1731
1502
1888
4161
4486
1473
1367
1275
2489
1488
3148
4296
1435
3298
2651
2187
3433
2542
3021
2449
2402
3761
2442
1862
1821
1420
1029
4768
1938
3594
4218
3855
1933
3700
3363
2817
3752
2587
2925
2327
4305
2026
1595
4546
2394
3023
3435
2918
2263
2216
4994
1255
4647
3049
1480
1447
4140
4879
1140
1510
1499
4039
2078
4108
3913
3853
2961
2425
2057
2773
1724
2138
3238
3543
3275
2469
3248
1452
1281
3621
2570
4563
2696
2375
4971
2813
1291
1165
4904
2866
4851
1112
3419
2329
4331
1475
1423
3096
2956
4312
573
4220
4201
4123
3250
2232
3494
1823
3046
1558
3728
2633
4212
3131
4279
3197
2569
1597
1000
2909
2856
2634
1542
4294
4176
1585
2977
3611
2253
4621
2679
4704
4250
3908
2962
1525
4898
1159
2556
2081
3705
3442
2385
3825
2907
2455
4583
4399
2154
1363
4098
2984
4614
3817
2332
1539
3802
1317
1305
4289
2305
4628
4078
4203
1882
4147
2958
3821
3421
1618
3813
3812
1544
2284
1193
4932
3255
4348
4321
1715
2904
1698
4526
2351
2343
1068
4807
2443
1356
2207
3102
1560
3151
2030
1893
4013
3476
3708
2780
1814
1038
4777
3523
4694
1991
3134
3125
2506
2314
3911
2191
1772
1855
3806
4416
2047
1375
2902
4499
1770
1768
1267
4402
4261
3517
2459
2103
1914
4702
963
3838
3671
3388
4086
4189
3797
3604
1755
4800
1061
2731
4451
3872
3655
3244
2797
2033
4001
3628
1722
1644
4667
3104
1646
1283
3903
4136
3106
3575
1739
3060
2974
4978
1239
2407
1645
3168
2885
2013
1503
4585
3840
3799
3487
3835
1225
4964
3207
3934
4103
4553
4464
4221
2840
1564
2380
4577
4207
4274
3128
2377
2879
1696
2011
1486
1370
3984
3805
3610
4598
859
3345
2320
1395
2821
4497
4537
4112
3527
2751
4520
2015
3366
1313
3452
1408
3356
3473
3940
1788
4506
3656
2892
2075
3040
3779
2337
1485
2604
2595
4528
4310
4037
3449
1797
4576
3022
2519
1603
1702
1695
3905
3266
3393
1669
3615
2088
3169
1674
4164
2223
847
4586
962
4701
910
4649
2228
1316
4567
4386
3772
3746
3364
2711
4168
3241
3122
4900
1161
2408
2101
1570
2317
3012
2785
3850
2933
2051
1960
1628
3785
1881
4015
3467
2438
2104
2880
1824
1381
3600
3459
2803
2686
4379
1422
1264
4229
2331
1340
2870
2156
2122
1699
2976
4056
4235
1398
2905
3208
2038
4466
4359
2937
3044
4270
3154
1830
1492
3378
3014
1230
4969
3664
2656
2069
1686
3028
4185
4268
3542
2000
1270
3500
2669
2509
2403
1678
1930
4605
1301
2641
4809
1070
4122
2181
1047
4786
4439
3560
3480
3037
3299
2166
2949
2109
1432
2140
2952
2815
4326
4154
4620
4072
4087
1720
1494
2740
3326
3041
2816
4142
1688
3203
3163
2130
3823
4582
3352
2683
2272
1438
4775
3348
4010
2208
4183
3178
2698
2412
2024
2605
3902
3561
2609
1748
1567
4925
1549
3550
2365
4651
2827
1627
294
3849
4516
4114
2924
2850
2820
2293
1474
2113
3795
2881
2620
2439
4159
3279
2680
2457
2241
2155
1512
4375
4370
3712
3464
3010
2936
2593
2142
3272
2478
1572
4460
2435
2102
4187
3412
3095
2838
1584
4062
3866
4139
4113
4441
3470
3188
4230
4163
3530
2234
1897
3593
2180
2017
1886
2073
1536
4578
3553
4529
2825
2003
1588
3999
3145
4858
3576
3213
2670
2584
1752
3193
4227
4175
3966
3078
1600
4737
998
3995
4568
4557
3365
3018
4587
2594
1362
1170
2333
4234
2863
3852
4239
2128
4358
4032
1913
3583
1531
4611
2252
3607
1676
2518
4237
3762
4209
3019
4257
4245
3406
2769
2429
2629
2580
4360
2419
2192
2004
1809
2421
2321
4618
2575
1605
3228
2177
2071
1650
3360
3216
3181
3135
2994
2876
2601
1434
1358
4916
4715
2415
1890
3558
2619
2068
1353
1278
3158
4656
1658
4070
4543
3307
2322
3132
1819
1377
1263
3608
3641
3330
1964
3614
3389
3100
2734
1663
3033
3050
1987
3986
1998
1630
1621
4719
4733
4371
3893
3382
3240
4303
2726
2640
2927
3105
2917
1706
2517
4330
2845
1479
4532
3446
4089
4833
1094
2658
2239
2123
1900
1826
1517
4095
4736
3333
3718
4343
3133
2432
1273
1879
2426
1844
1124
4387
3551
3404
4595
3620
3306
1325
1276
2963
3552
2552
4471
4035
2968
1730
4421
2294
4601
3726
3434
2862
2398
1956
2290
3137
2397
4169
2001
3338
3024
4600
3340
2022
1406
1967
4167
3146
2035
4179
4950
4314
2470
2248
3081
3637
3619
3199
4643
3217
2635
2245
2139
4067
2020
2269
2625
2352
4672
4101
4041
1754
2267
2242
2127
1349
3277
3827
2846
1472
3796
3087
2899
1636
2675
1607
2524
2764
2767
4666
2592
1664
3824
2872
2041
2311
4410
2798
1459
3922
4655
3974
4970
4448
3863
1477
3566
2597
3961
222
2303
3511
4306
4291
4210
3917
2826
2233
3792
3454
2617
4166
2768
3086
4204
1718
2596
2783
3793
2996
3079
1959
4388
1996
2183
2260
1985
2298
1548
2490
2048
1858
4259
2237
658
2836
1506
4472
3167
4710
2121
1671
3110
2124
1994
1654
3870
4317
4324
4322
4686
2730
2497
1840
3486
2076
3836
2446
3720
3928
4495
3191
2200
1721
2505
3030
4228
1295
3109
2444
3403
#outlier
999
997
996
995
994
991
990
989
988
987
986
985
984
982
981
980
473
460
459
444
441
431
413
408
407
406
405
404
403
402
401
400
399
398
397
396
395
394
393
391
390
389
388
387
386
385
383
381
380
379
376
375
374
373
372
370
369
367
366
364
363
362
361
360
359
358
356
355
354
353
352
351
350
348
347
344
343
342
341
340
339
336
335
334
333
332
331
330
329
328
327
325
324
323
321
320
319
318
317
315
314
313
312
311
309
308
307
306
303
302
301
300
299
298
297
296
295
293
292
291
290
289
288
287
286
284
281
280
279
277
276
275
274
273
272
270
269
267
266
265
264
263
262
261
260
258
257
256
255
254
253
252
251
250
247
246
244
243
242
241
240
239
237
235
234
233
232
231
229
228
227
226
101
924
96
919
94
917
93
916
92
915
91
90
89
912
88
911
87
86
85
908
84
907
83
82
905
81
904
80
903
79
902
78
901
77
900
76
899
75
898
74
73
72
895
71
894
70
893
477
68
476
67
890
475
66
889
474
65
888
472
63
886
471
62
885
470
61
884
469
60
883
468
59
882
467
58
881
466
57
880
465
56
879
464
55
878
463
54
462
53
430
21
844
220
429
20
843
428
19
842
218
427
18
841
217
425
16
839
215
424
15
838
214
423
14
837
213
422
13
836
212
421
12
835
211
420
11
834
210
100
923
412
3
826
202
99
922
411
2
825
201
49
24
98
921
410
1
824
200
457
48
871
432
23
846
97
920
0
823
199
47
102
925
414
5
828
204
52
875
415
6
829
205
104
927
416
7
830
206
105
928
417
8
831
207
106
929
418
9
832
208
419
10
833
209
434
25
848
224
435
26
849
225
436
27
437
28
851
29
852
439
30
853
440
31
854
442
33
856
443
34
857
445
36
37
860
447
38
861
448
39
862
449
40
863
450
41
451
42
865
452
43
866
453
44
867
454
45
868
455
46
869
107
108
931
109
932
110
933
111
934
112
935
113
114
937
115
938
117
940
118
941
119
942
120
943
121
944
122
945
125
948
126
949
127
950
128
951
129
130
953
131
954
132
955
133
956
136
959
138
961
139
140
141
143
144
967
145
146
969
147
970
149
972
150
973
151
974
152
975
153
976
154
977
155
156
979
157
158
159
161
162
163
164
165
166
167
169
170
171
172
173
174
175
176
177
178
180
181
183
184
185
187
188
189
190
191
192
193
194
195
197
198
203
216
221
479
480
481
483
484
485
486
487
488
489
491
492
493
494
495
496
497
498
500
501
502
503
504
508
509
510
511
512
513
515
516
517
518
520
521
522
523
524
525
526
527
528
529
530
531
532
533
534
535
536
537
538
539
540
541
542
543
545
546
547
548
549
550
551
552
553
554
555
556
557
558
559
560
561
562
563
564
565
566
568
569
570
571
572
574
575
576
577
578
579
580
582
583
584
585
586
587
588
589
591
592
593
594
595
597
598
600
601
602
604
605
606
607
608
609
611
612
614
615
617
618
619
620
621
622
623
624
625
626
627
629
630
631
634
636
637
640
641
642
643
644
645
646
647
648
649
650
651
652
653
654
656
657
660
662
663
664
665
666
667
668
670
671
672
673
674
675
676
677
678
679
681
682
685
686
687
688
690
692
693
694
695
696
698
699
703
704
705
706
708
709
710
711
712
713
714
715
716
717
718
719
720
721
722
724
725
726
727
728
730
731
732
733
734
735
736
737
738
739
740
742
743
744
745
746
747
749
750
752
753
754
756
757
758
760
761
764
765
766
767
768
769
770
771
773
774
776
777
778
780
781
783
784
785
786
787
789
790
792
793
794
796
797
798
799
800
801
802
803
804
805
806
807
808
809
810
811
812
813
814
815
817
818
819
820
821
822
827
840
845
855
858
873
887
892
918
946
958
960
965
971
