#0
2
9
10
12
15
19
24
25
26
28
29
33
35
40
41
42
45
47
55
58
60
62
64
66
67
68
69
73
76
77
78
79
81
82
83
85
87
90
91
92
94
96
97
100
103
104
106
107
109
110
111
113
116
119
122
123
124
125
129
133
134
135
136
137
142
145
146
148
149
153
155
156
157
158
160
164
169
170
173
174
178
180
185
186
187
195
196
199
200
203
207
208
209
210
211
213
215
216
217
219
220
221
225
226
229
230
231
233
234
235
236
237
239
240
243
247
249
250
255
257
259
260
263
264
265
266
267
269
270
272
273
275
277
278
279
280
285
287
289
290
291
292
295
296
297
299
301
302
304
305
306
307
308
310
311
312
315
316
317
319
320
322
323
324
326
327
329
330
331
332
336
337
338
340
341
343
344
345
347
348
349
351
353
357
358
359
364
366
373
374
375
378
383
384
386
388
389
390
392
393
399
400
401
402
405
406
408
409
410
411
413
415
417
419
421
422
423
427
428
429
430
433
440
441
443
445
446
447
448
452
453
454
459
461
464
470
472
473
474
475
476
480
481
482
483
486
487
491
493
495
496
498
500
501
502
508
510
513
515
517
518
519
521
522
523
525
527
528
529
530
531
533
534
535
536
538
540
541
542
543
547
548
551
552
558
560
561
563
565
566
567
569
572
573
575
576
577
579
580
582
583
586
588
589
590
591
592
594
595
600
602
608
609
611
612
614
616
617
619
621
624
625
626
630
631
632
634
636
637
640
641
643
649
653
654
655
659
660
661
662
664
668
670
671
675
677
678
679
680
690
691
692
693
696
697
699
700
702
703
704
706
707
708
710
711
712
717
718
720
721
723
727
730
733
734
738
739
741
742
744
745
747
750
751
753
756
758
759
760
762
764
765
766
768
769
770
771
773
774
775
776
777
780
782
783
784
785
788
790
791
797
799
800
802
805
808
809
811
812
817
818
819
820
821
822
824
825
826
827
828
829
830
831
832
834
835
836
838
839
840
841
842
843
844
847
850
851
852
854
855
857
858
862
865
872
873
876
878
881
882
885
889
891
893
897
901
902
903
904
906
907
908
910
911
912
914
916
917
918
923
924
925
926
928
930
931
933
934
939
940
941
943
945
947
952
953
954
955
957
960
961
962
963
965
966
968
970
972
975
977
978
983
984
985
986
987
988
990
993
998
1000
1001
1003
1005
1007
1008
1010
1011
1016
1017
1018
1022
1025
1029
1033
1035
1036
1037
1038
1039
1040
1043
1051
1052
1053
1057
1058
1062
1063
1065
1066
1068
1071
1072
1081
1082
1083
1085
1087
1088
1090
1092
1094
1098
1101
1102
1103
1105
1108
1110
1113
1115
1116
1119
1120
1126
1127
1130
1131
1132
1134
1136
1137
1138
1143
1147
1148
1150
1155
1157
1163
1165
1166
1176
1177
1181
1186
1187
1188
1189
1192
1193
1198
1202
1203
1204
1205
1209
1210
1211
1215
1218
1219
1222
1223
1225
1227
1230
1231
1232
1234
1235
1237
1239
1241
1246
1247
1248
1251
1252
1253
1256
1257
1258
1260
1264
1266
1267
1271
1272
1275
1279
1281
1283
1284
1285
1286
1287
1291
1293
1294
1295
1298
1299
1303
1304
1305
1309
1310
1313
1314
1316
1317
1318
1322
1323
1324
1328
1329
1331
1334
1336
1337
1340
1341
1342
1347
1349
1350
1354
1355
1356
1359
1363
1364
1367
1369
1370
1371
1375
1381
1382
1383
1384
1385
1387
1388
1390
1395
1398
1401
1402
1408
1410
1412
1413
1415
1416
1418
1419
1420
1421
1422
1423
1426
1427
1431
1433
1435
1437
1439
1440
1441
1442
1445
1446
1447
1450
1451
1452
1456
1458
1459
1460
1461
1467
1470
1472
1473
1475
1476
1477
1480
1484
1485
1486
1487
1488
1489
1492
1498
1499
1500
1501
1502
1503
1505
1506
1508
1509
1510
1511
1513
1514
1515
1518
1523
1525
1526
1529
1534
1537
1539
1542
1543
1544
1546
1547
1548
1550
1551
1553
1556
1558
1560
1561
1564
1570
1575
1580
1581
1583
1585
1589
1592
1593
1594
1595
1597
1598
1599
1601
1603
1606
1607
1611
1614
1615
1618
1619
1625
1628
1631
1632
1633
1635
1636
1639
1640
1643
1644
1645
1646
1651
1652
1653
1654
1657
1664
1668
1669
1671
1672
1673
1674
1679
1680
1681
1686
1690
1692
1694
1695
1696
1697
1698
1699
1701
1702
1703
1704
1709
1712
1713
1715
1718
1721
1722
1723
1724
1726
1728
1730
1731
1734
1739
1741
1746
1750
1753
1754
1755
1756
1758
1759
1765
1767
1768
1769
1771
1772
1773
1774
1775
1776
1778
1779
1780
1782
1783
1784
1787
1788
1789
1794
1797
1799
1805
1806
1811
1814
1815
1821
1823
1824
1825
1827
1829
1830
1831
1832
1833
1834
1836
1840
1841
1845
1847
1848
1849
1850
1855
1857
1858
1859
1862
1865
1866
1869
1870
1871
1873
1874
1876
1877
1881
1882
1883
1885
1887
1888
1889
1891
1892
1893
1895
1898
1901
1903
1904
1906
1908
1909
1910
1914
1916
1920
1921
1923
1928
1929
1934
1938
1939
1941
1943
1946
1948
1950
1951
1954
1955
1956
1958
1959
1960
1963
1965
1972
1974
1975
1977
1978
1979
1980
1983
1984
1985
1986
1988
1989
1990
1991
1994
1995
1996
1999
2002
2005
2011
2012
2013
2014
2015
2020
2021
2025
2026
2027
2030
2032
2033
2034
2035
2036
2038
2039
2040
2041
2043
2044
2047
2048
2050
2051
2054
2057
2058
2059
2062
2064
2069
2070
2075
2076
2078
2081
2088
2093
2094
2100
2101
2103
2104
2107
2110
2111
2120
2121
2122
2124
2125
2127
2129
2132
2138
2139
2141
2144
2145
2147
2148
2149
2150
2151
2154
2156
2158
2164
2171
2175
2176
2178
2179
2182
2183
2186
2187
2189
2191
2193
2195
2198
2200
2202
2205
2207
2209
2211
2215
2216
2217
2218
2220
2221
2223
2225
2226
2228
2230
2231
2232
2233
2237
2238
2240
2242
2243
2245
2247
2248
2249
2253
2254
2255
2258
2260
2261
2263
2265
2267
2270
2271
2274
2278
2279
2282
2283
2284
2286
2287
2288
2290
2291
2294
2297
2298
2299
2300
2302
2303
2304
2310
2311
2312
2313
2314
2316
2317
2319
2320
2323
2325
2327
2328
2329
2330
2331
2332
2336
2337
2340
2341
2342
2343
2346
2348
2351
2353
2359
2361
2364
2366
2368
2369
2371
2372
2375
2377
2378
2380
2382
2385
2388
2390
2391
2394
2397
2398
2399
2402
2407
2408
2409
2410
2416
2423
2425
2432
2436
2437
2438
2442
2443
2444
2446
2449
2455
2459
2460
2464
2469
2470
2476
2480
2482
2483
2485
2489
2490
2491
2492
2494
2495
2497
2499
2502
2503
2505
2506
2507
2508
2512
2515
2519
2520
2522
2524
2525
2527
2534
2541
2542
2545
2551
2552
2554
2556
2559
2560
2561
2563
2565
2566
2568
2569
2570
2571
2572
2576
2579
2581
2585
2586
2587
2588
2590
2592
2595
2596
2597
2598
2599
2602
2603
2604
2608
2611
2613
2614
2617
2618
2622
2623
2631
2633
2634
2635
2640
2642
2649
2650
2651
2653
2655
2656
2664
2665
2666
2671
2675
2676
2679
2685
2686
2687
2688
2691
2692
2696
2700
2701
2702
2706
2707
2709
2710
2711
2713
2715
2716
2718
2719
2721
2723
2725
2726
2729
2730
2731
2732
2733
2738
2739
2742
2743
2744
2746
2747
2750
2751
2755
2758
2761
2764
2765
2766
2767
2768
2770
2773
2775
2776
2779
2780
2782
2783
2785
2787
2791
2797
2798
2801
2803
2806
2808
2809
2813
2814
2817
2818
2819
2821
2822
2824
2826
2828
2832
2836
2837
2840
2846
2847
2851
2852
2854
2855
2856
2858
2860
2862
2866
2869
2870
2871
2872
2873
2874
2877
2878
2879
2880
2885
2890
2891
2892
2894
2896
2899
2900
2902
2904
2905
2906
2907
2909
2911
2912
2913
2918
2920
2923
2925
2927
2929
2931
2933
2934
2935
2937
2941
2944
2947
2955
2956
2958
2961
2962
2963
2968
2971
2974
2976
2977
2979
2984
2986
2987
2990
2991
2995
2996
3002
3008
3012
3014
3021
3022
3023
3026
3027
3028
3029
3030
3032
3035
3040
3043
3044
3045
3046
3049
3051
3052
3054
3055
3059
3060
3061
3066
3069
3070
3071
3072
3073
3074
3075
3076
3079
3081
3085
3086
3087
3088
3090
3091
3092
3093
3094
3096
3098
3101
3102
3104
3106
3107
3108
3109
3110
3115
3118
3121
3122
3125
3128
3129
3130
3131
3133
3134
3137
3138
3142
3143
3146
3147
3148
3151
3153
3154
3155
3164
3166
3167
3168
3169
3170
3172
3173
3182
3183
3185
3186
3187
3191
3192
3197
3199
3200
3204
3206
3207
3208
3209
3210
3211
3217
3221
3223
3226
3229
3232
3233
3234
3238
3239
3241
3242
3244
3245
3248
3250
3251
3252
3254
3255
3256
3257
3260
3261
3262
3263
3264
3266
3269
3270
3273
3274
3275
3277
3282
3283
3285
3286
3287
3289
3291
3292
3293
3294
3298
3300
3302
3305
3310
3312
3313
3320
3321
3325
3329
3333
3334
3335
3336
3339
3344
3345
3347
3350
3353
3354
3356
3361
3362
3363
3364
3366
3367
3370
3372
3373
3374
3378
3383
3384
3386
3388
3393
3400
3401
3402
3403
3404
3410
3411
3413
3414
3416
3419
3420
3421
3424
3430
3433
3434
3435
3437
3438
3440
3441
3442
3443
3444
3445
3449
3452
3453
3454
3457
3458
3459
3466
3467
3471
3473
3476
3479
3482
3483
3485
3486
3487
3489
3493
3494
3497
3498
3499
3502
3506
3507
3509
3510
3511
3512
3513
3517
3520
3522
3523
3524
3526
3527
3529
3531
3534
3538
3540
3543
3547
3548
3551
3552
3557
3562
3566
3567
3571
3575
3577
3578
3580
3582
3584
3585
3586
3588
3589
3592
3600
3601
3604
3605
3610
3611
3613
3615
3616
3619
3621
3623
3625
3628
3631
3633
3637
3638
3640
3644
3647
3650
3651
3653
3654
3655
3656
3661
3662
3663
3664
3666
3668
3669
3670
3671
3672
3676
3678
3681
3683
3686
3691
3698
3700
3701
3703
3704
3705
3708
3709
3710
3713
3715
3716
3717
3718
3720
3721
3722
3723
3724
3726
3728
3729
3730
3737
3738
3741
3745
3746
3747
3748
3752
3753
3754
3761
3764
3768
3771
3772
3773
3779
3780
3781
3783
3784
3785
3786
3787
3788
3789
3792
3793
3796
3797
3798
3799
3800
3801
3802
3803
3805
3806
3810
3811
3812
3813
3814
3817
3818
3821
3824
3825
3827
3828
3832
3835
3836
3838
3839
3840
3844
3845
3848
3850
3853
3856
3857
3861
3862
3863
3864
3869
3870
3872
3874
3883
3884
3886
3888
3889
3890
3897
3903
3905
3907
3908
3911
3912
3913
3914
3917
3918
3919
3920
3922
3923
3924
3925
3927
3928
3929
3930
3931
3932
3933
3934
3939
3940
3943
3949
3950
3956
3957
3958
3960
3961
3964
3969
3972
3974
3975
3981
3983
3984
3988
3989
3993
3996
3997
4000
4001
4003
4007
4009
4012
4013
4014
4015
4017
4018
4022
4023
4025
4026
4027
4030
4033
4034
4035
4037
4038
4039
4043
4044
4045
4046
4048
4049
4050
4054
4056
4058
4059
4061
4063
4064
4065
4066
4067
4074
4076
4078
4081
4082
4086
4092
4097
4098
4102
4103
4105
4108
4112
4117
4121
4123
4125
4129
4130
4133
4136
4140
4144
4145
4147
4148
4149
4152
4153
4156
4160
4161
4162
4164
4165
4166
4167
4168
4172
4174
4176
4181
4182
4185
4188
4189
4192
4193
4194
4197
4199
4200
4201
4202
4203
4204
4207
4208
4210
4211
4212
4213
4216
4220
4221
4223
4224
4226
4228
4229
4231
4235
4236
4238
4243
4244
4246
4249
4250
4251
4254
4255
4258
4259
4260
4261
4263
4265
4270
4271
4273
4274
4277
4278
4279
4282
4284
4286
4289
4291
4294
4295
4296
4297
4298
4302
4303
4305
4306
4307
4310
4312
4314
4317
4318
4321
4322
4324
4328
4331
4333
4336
4340
4342
4343
4345
4348
4353
4356
4357
4359
4361
4364
4366
4372
4374
4376
4379
4380
4381
4382
4384
4386
4387
4388
4392
4393
4394
4395
4396
4397
4399
4402
4405
4407
4409
4410
4416
4417
4421
4424
4427
4428
4431
4432
4434
4436
4437
4440
4442
4443
4444
4446
4448
4450
4451
4452
4453
4454
4458
4459
4462
4463
4464
4466
4467
4468
4471
4472
4473
4475
4476
4479
4480
4483
4486
4490
4495
4497
4498
4502
4503
4504
4506
4507
4509
4515
4517
4519
4520
4523
4526
4528
4533
4534
4536
4537
4541
4544
4545
4546
4547
4548
4550
4551
4553
4554
4559
4560
4562
4563
4566
4567
4570
4576
4577
4579
4583
4584
4585
4588
4590
4591
4595
4598
4601
4602
4604
4606
4610
4613
4614
4616
4617
4619
4621
4624
4626
4629
4632
4633
4635
4636
4641
4642
4643
4644
4645
4646
4647
4649
4655
4657
4658
4660
4664
4666
4667
4668
4670
4675
4676
4679
4680
4681
4686
4687
4688
4689
4690
4694
4695
4701
4702
4703
4704
4705
4706
4707
4709
4710
4712
4716
4723
4726
4728
4729
4731
4734
4736
4738
4739
4741
4742
4746
4748
4750
4753
4755
4756
4758
4759
4761
4762
4763
4766
4771
4773
4778
4782
4784
4786
4787
4790
4793
4797
4798
4800
4804
4805
4807
4812
4816
4822
4823
4824
4828
4830
4834
4835
4836
4840
4842
4846
4847
4848
4849
4851
4854
4855
4860
4861
4863
4864
4866
4867
4872
4873
4874
4878
4879
4881
4882
4885
4886
4890
4893
4895
4896
4897
4898
4899
4900
4902
4903
4905
4906
4907
4908
4909
4910
4914
4915
4917
4923
4924
4930
4931
4932
4933
4934
4935
4936
4937
4938
4939
4940
4941
4942
4944
4946
4947
4949
4950
4953
4955
4956
4960
4962
4963
4965
4969
4970
4971
4972
4973
4974
4978
4982
4983
4984
4985
4987
4992
4994
4996
4997
4998
4999
#1
0
1
3
4
5
6
7
8
11
13
14
16
17
18
20
21
22
23
27
30
31
32
34
36
37
38
39
43
44
46
48
49
50
51
52
53
54
56
57
59
61
63
65
70
71
72
74
75
80
84
86
88
89
93
95
98
99
101
102
105
108
112
114
115
117
118
120
121
126
127
128
130
131
132
138
139
140
141
143
144
147
150
151
152
154
159
161
162
163
165
166
167
168
171
172
175
176
177
179
181
182
183
184
188
189
190
191
192
193
194
197
198
201
202
204
205
206
212
214
218
222
223
224
227
228
232
238
241
242
244
245
246
248
251
252
253
254
256
258
261
262
268
271
274
276
281
282
283
284
286
288
293
294
298
300
303
309
313
314
318
321
325
328
333
334
335
339
342
346
350
352
354
355
356
360
361
362
363
365
367
368
369
370
371
372
376
377
379
380
381
382
385
387
391
394
395
396
397
398
403
404
407
412
414
416
418
420
424
425
426
431
432
434
435
436
437
438
439
442
444
449
450
451
455
456
457
458
460
462
463
465
466
467
468
469
471
477
478
479
484
485
488
489
490
492
494
497
499
503
504
505
506
507
509
511
512
514
516
520
524
526
532
537
539
544
545
546
549
550
553
554
555
556
557
559
562
564
568
570
571
574
578
581
584
585
587
593
596
597
598
599
601
603
604
605
606
607
610
613
615
618
620
622
623
627
628
629
633
635
638
639
642
644
645
646
647
648
650
651
652
656
657
658
663
665
666
667
669
672
673
674
676
681
682
683
684
685
686
687
688
689
694
695
698
701
705
709
713
714
715
716
719
722
724
725
726
728
729
731
732
735
736
737
740
743
746
748
749
752
754
755
757
761
763
767
772
778
779
781
786
787
789
792
793
794
795
796
798
801
803
804
806
807
810
813
814
815
816
823
833
837
845
846
848
849
853
856
859
860
861
863
864
866
867
868
869
870
871
874
875
877
879
880
883
884
886
887
888
890
892
894
895
896
898
899
900
905
909
913
915
919
920
921
922
927
929
932
935
936
937
938
942
944
946
948
949
950
951
956
958
959
964
967
969
971
973
974
976
979
980
981
982
989
991
992
994
995
996
997
999
1002
1004
1006
1009
1012
1013
1014
1015
1019
1020
1021
1023
1024
1026
1027
1028
1030
1031
1032
1034
1041
1042
1044
1045
1046
1047
1048
1049
1050
1054
1055
1056
1059
1060
1061
1064
1067
1069
1070
1073
1074
1075
1076
1077
1078
1079
1080
1084
1086
1089
1091
1093
1095
1096
1097
1099
1100
1104
1106
1107
1109
1111
1112
1114
1117
1118
1121
1122
1123
1124
1125
1128
1129
1133
1135
1139
1140
1141
1142
1144
1145
1146
1149
1151
1152
1153
1154
1156
1158
1159
1160
1161
1162
1164
1167
1168
1169
1170
1171
1172
1173
1174
1175
1178
1179
1180
1182
1183
1184
1185
1190
1191
1194
1195
1196
1197
1199
1200
1201
1206
1207
1208
1212
1213
1214
1216
1217
1220
1221
1224
1226
1228
1229
1233
1236
1238
1240
1242
1243
1244
1245
1249
1250
1254
1255
1259
1261
1262
1263
1265
1268
1269
1270
1273
1274
1276
1277
1278
1280
1282
1288
1289
1290
1292
1296
1297
1300
1301
1302
1306
1307
1308
1311
1312
1315
1319
1320
1321
1325
1326
1327
1330
1332
1333
1335
1338
1339
1343
1344
1345
1346
1348
1351
1352
1353
1357
1358
1360
1361
1362
1365
1366
1368
1372
1373
1374
1376
1377
1378
1379
1380
1386
1389
1391
1392
1393
1394
1396
1397
1399
1400
1403
1404
1405
1406
1407
1409
1411
1414
1417
1424
1425
1428
1429
1430
1432
1434
1436
1438
1443
1444
1448
1449
1453
1454
1455
1457
1462
1463
1464
1465
1466
1468
1469
1471
1474
1478
1479
1481
1482
1483
1490
1491
1493
1494
1495
1496
1497
1504
1507
1512
1516
1517
1519
1520
1521
1522
1524
1527
1528
1530
1531
1532
1533
1535
1536
1538
1540
1541
1545
1549
1552
1554
1555
1557
1559
1562
1563
1565
1566
1567
1568
1569
1571
1572
1573
1574
1576
1577
1578
1579
1582
1584
1586
1587
1588
1590
1591
1596
1600
1602
1604
1605
1608
1609
1610
1612
1613
1616
1617
1620
1621
1622
1623
1624
1626
1627
1629
1630
1634
1637
1638
1641
1642
1647
1648
1649
1650
1655
1656
1658
1659
1660
1661
1662
1663
1665
1666
1667
1670
1675
1676
1677
1678
1682
1683
1684
1685
1687
1688
1689
1691
1693
1700
1705
1706
1707
1708
1710
1711
1714
1716
1717
1719
1720
1725
1727
1729
1732
1733
1735
1736
1737
1738
1740
1742
1743
1744
1745
1747
1748
1749
1751
1752
1757
1760
1761
1762
1763
1764
1766
1770
1777
1781
1785
1786
1790
1791
1792
1793
1795
1796
1798
1800
1801
1802
1803
1804
1807
1808
1809
1810
1812
1813
1816
1817
1818
1819
1820
1822
1826
1828
1835
1837
1838
1839
1842
1843
1844
1846
1851
1852
1853
1854
1856
1860
1861
1863
1864
1867
1868
1872
1875
1878
1879
1880
1884
1886
1890
1894
1896
1897
1899
1900
1902
1905
1907
1911
1912
1913
1915
1917
1918
1919
1922
1924
1925
1926
1927
1930
1931
1932
1933
1935
1936
1937
1940
1942
1944
1945
1947
1949
1952
1953
1957
1961
1962
1964
1966
1967
1968
1969
1970
1971
1973
1976
1981
1982
1987
1992
1993
1997
1998
2000
2001
2003
2004
2006
2007
2008
2009
2010
2016
2017
2018
2019
2022
2023
2024
2028
2029
2031
2037
2042
2045
2046
2049
2052
2053
2055
2056
2060
2061
2063
2065
2066
2067
2068
2071
2072
2073
2074
2077
2079
2080
2082
2083
2084
2085
2086
2087
2089
2090
2091
2092
2095
2096
2097
2098
2099
2102
2105
2106
2108
2109
2112
2113
2114
2115
2116
2117
2118
2119
2123
2126
2128
2130
2131
2133
2134
2135
2136
2137
2140
2142
2143
2146
2152
2153
2155
2157
2159
2160
2161
2162
2163
2165
2166
2167
2168
2169
2170
2172
2173
2174
2177
2180
2181
2184
2185
2188
2190
2192
2194
2196
2197
2199
2201
2203
2204
2206
2208
2210
2212
2213
2214
2219
2222
2224
2227
2229
2234
2235
2236
2239
2241
2244
2246
2250
2251
2252
2256
2257
2259
2262
2264
2266
2268
2269
2272
2273
2275
2276
2277
2280
2281
2285
2289
2292
2293
2295
2296
2301
2305
2306
2307
2308
2309
2315
2318
2321
2322
2324
2326
2333
2334
2335
2338
2339
2344
2345
2347
2349
2350
2352
2354
2355
2356
2357
2358
2360
2362
2363
2365
2367
2370
2373
2374
2376
2379
2381
2383
2384
2386
2387
2389
2392
2393
2395
2396
2400
2401
2403
2404
2405
2406
2411
2412
2413
2414
2415
2417
2418
2419
2420
2421
2422
2424
2426
2427
2428
2429
2430
2431
2433
2434
2435
2439
2440
2441
2445
2447
2448
2450
2451
2452
2453
2454
2456
2457
2458
2461
2462
2463
2465
2466
2467
2468
2471
2472
2473
2474
2475
2477
2478
2479
2481
2484
2486
2487
2488
2493
2496
2498
2500
2501
2504
2509
2510
2511
2513
2514
2516
2517
2518
2521
2523
2526
2528
2529
2530
2531
2532
2533
2535
2536
2537
2538
2539
2540
2543
2544
2546
2547
2548
2549
2550
2553
2555
2557
2558
2562
2564
2567
2573
2574
2575
2577
2578
2580
2582
2583
2584
2589
2591
2593
2594
2600
2601
2605
2606
2607
2609
2610
2612
2615
2616
2619
2620
2621
2624
2625
2626
2627
2628
2629
2630
2632
2636
2637
2638
2639
2641
2643
2644
2645
2646
2647
2648
2652
2654
2657
2658
2659
2660
2661
2662
2663
2667
2668
2669
2670
2672
2673
2674
2677
2678
2680
2681
2682
2683
2684
2689
2690
2693
2694
2695
2697
2698
2699
2703
2704
2705
2708
2712
2714
2717
2720
2722
2724
2727
2728
2734
2735
2736
2737
2740
2741
2745
2748
2749
2752
2753
2754
2756
2757
2759
2760
2762
2763
2769
2771
2772
2774
2777
2778
2781
2784
2786
2788
2789
2790
2792
2793
2794
2795
2796
2799
2800
2802
2804
2805
2807
2810
2811
2812
2815
2816
2820
2823
2825
2827
2829
2830
2831
2833
2834
2835
2838
2839
2841
2842
2843
2844
2845
2848
2849
2850
2853
2857
2859
2861
2863
2864
2865
2867
2868
2875
2876
2881
2882
2883
2884
2886
2887
2888
2889
2893
2895
2897
2898
2901
2903
2908
2910
2914
2915
2916
2917
2919
2921
2922
2924
2926
2928
2930
2932
2936
2938
2939
2940
2942
2943
2945
2946
2948
2949
2950
2951
2952
2953
2954
2957
2959
2960
2964
2965
2966
2967
2969
2970
2972
2973
2975
2978
2980
2981
2982
2983
2985
2988
2989
2992
2993
2994
2997
2998
2999
3000
3001
3003
3004
3005
3006
3007
3009
3010
3011
3013
3015
3016
3017
3018
3019
3020
3024
3025
3031
3033
3034
3036
3037
3038
3039
3041
3042
3047
3048
3050
3053
3056
3057
3058
3062
3063
3064
3065
3067
3068
3077
3078
3080
3082
3083
3084
3089
3095
3097
3099
3100
3103
3105
3111
3112
3113
3114
3116
3117
3119
3120
3123
3124
3126
3127
3132
3135
3136
3139
3140
3141
3144
3145
3149
3150
3152
3156
3157
3158
3159
3160
3161
3162
3163
3165
3171
3174
3175
3176
3177
3178
3179
3180
3181
3184
3188
3189
3190
3193
3194
3195
3196
3198
3201
3202
3203
3205
3212
3213
3214
3215
3216
3218
3219
3220
3222
3224
3225
3227
3228
3230
3231
3235
3236
3237
3240
3243
3246
3247
3249
3253
3258
3259
3265
3267
3268
3271
3272
3276
3278
3279
3280
3281
3284
3288
3290
3295
3296
3297
3299
3301
3303
3304
3306
3307
3308
3309
3311
3314
3315
3316
3317
3318
3319
3322
3323
3324
3326
3327
3328
3330
3331
3332
3337
3338
3340
3341
3342
3343
3346
3348
3349
3351
3352
3355
3357
3358
3359
3360
3365
3368
3369
3371
3375
3376
3377
3379
3380
3381
3382
3385
3387
3389
3390
3391
3392
3394
3395
3396
3397
3398
3399
3405
3406
3407
3408
3409
3412
3415
3417
3418
3422
3423
3425
3426
3427
3428
3429
3431
3432
3436
3439
3446
3447
3448
3450
3451
3455
3456
3460
3461
3462
3463
3464
3465
3468
3469
3470
3472
3474
3475
3477
3478
3480
3481
3484
3488
3490
3491
3492
3495
3496
3500
3501
3503
3504
3505
3508
3514
3515
3516
3518
3519
3521
3525
3528
3530
3532
3533
3535
3536
3537
3539
3541
3542
3544
3545
3546
3549
3550
3553
3554
3555
3556
3558
3559
3560
3561
3563
3564
3565
3568
3569
3570
3572
3573
3574
3576
3579
3581
3583
3587
3590
3591
3593
3594
3595
3596
3597
3598
3599
3602
3603
3606
3607
3608
3609
3612
3614
3617
3618
3620
3622
3624
3626
3627
3629
3630
3632
3634
3635
3636
3639
3641
3642
3643
3645
3646
3648
3649
3652
3657
3658
3659
3660
3665
3667
3673
3674
3675
3677
3679
3680
3682
3684
3685
3687
3688
3689
3690
3692
3693
3694
3695
3696
3697
3699
3702
3706
3707
3711
3712
3714
3719
3725
3727
3731
3732
3733
3734
3735
3736
3739
3740
3742
3743
3744
3749
3750
3751
3755
3756
3757
3758
3759
3760
3762
3763
3765
3766
3767
3769
3770
3774
3775
3776
3777
3778
3782
3790
3791
3794
3795
3804
3807
3808
3809
3815
3816
3819
3820
3822
3823
3826
3829
3830
3831
3833
3834
3837
3841
3842
3843
3846
3847
3849
3851
3852
3854
3855
3858
3859
3860
3865
3866
3867
3868
3871
3873
3875
3876
3877
3878
3879
3880
3881
3882
3885
3887
3891
3892
3893
3894
3895
3896
3898
3899
3900
3901
3902
3904
3906
3909
3910
3915
3916
3921
3926
3935
3936
3937
3938
3941
3942
3944
3945
3946
3947
3948
3951
3952
3953
3954
3955
3959
3962
3963
3965
3966
3967
3968
3970
3971
3973
3976
3977
3978
3979
3980
3982
3985
3986
3987
3990
3991
3992
3994
3995
3998
3999
4002
4004
4005
4006
4008
4010
4011
4016
4019
4020
4021
4024
4028
4029
4031
4032
4036
4040
4041
4042
4047
4051
4052
4053
4055
4057
4060
4062
4068
4069
4070
4071
4072
4073
4075
4077
4079
4080
4083
4084
4085
4087
4088
4089
4090
4091
4093
4094
4095
4096
4099
4100
4101
4104
4106
4107
4109
4110
4111
4113
4114
4115
4116
4118
4119
4120
4122
4124
4126
4127
4128
4131
4132
4134
4135
4137
4138
4139
4141
4142
4143
4146
4150
4151
4154
4155
4157
4158
4159
4163
4169
4170
4171
4173
4175
4177
4178
4179
4180
4183
4184
4186
4187
4190
4191
4195
4196
4198
4205
4206
4209
4214
4215
4217
4218
4219
4222
4225
4227
4230
4232
4233
4234
4237
4239
4240
4241
4242
4245
4247
4248
4252
4253
4256
4257
4262
4264
4266
4267
4268
4269
4272
4275
4276
4280
4281
4283
4285
4287
4288
4290
4292
4293
4299
4300
4301
4304
4308
4309
4311
4313
4315
4316
4319
4320
4323
4325
4326
4327
4329
4330
4332
4334
4335
4337
4338
4339
4341
4344
4346
4347
4349
4350
4351
4352
4354
4355
4358
4360
4362
4363
4365
4367
4368
4369
4370
4371
4373
4375
4377
4378
4383
4385
4389
4390
4391
4398
4400
4401
4403
4404
4406
4408
4411
4412
4413
4414
4415
4418
4419
4420
4422
4423
4425
4426
4429
4430
4433
4435
4438
4439
4441
4445
4447
4449
4455
4456
4457
4460
4461
4465
4469
4470
4474
4477
4478
4481
4482
4484
4485
4487
4488
4489
4491
4492
4493
4494
4496
4499
4500
4501
4505
4508
4510
4511
4512
4513
4514
4516
4518
4521
4522
4524
4525
4527
4529
4530
4531
4532
4535
4538
4539
4540
4542
4543
4549
4552
4555
4556
4557
4558
4561
4564
4565
4568
4569
4571
4572
4573
4574
4575
4578
4580
4581
4582
4586
4587
4589
4592
4593
4594
4596
4597
4599
4600
4603
4605
4607
4608
4609
4611
4612
4615
4618
4620
4622
4623
4625
4627
4628
4630
4631
4634
4637
4638
4639
4640
4648
4650
4651
4652
4653
4654
4656
4659
4661
4662
4663
4665
4669
4671
4672
4673
4674
4677
4678
4682
4683
4684
4685
4691
4692
4693
4696
4697
4698
4699
4700
4708
4711
4713
4714
4715
4717
4718
4719
4720
4721
4722
4724
4725
4727
4730
4732
4733
4735
4737
4740
4743
4744
4745
4747
4749
4751
4752
4754
4757
4760
4764
4765
4767
4768
4769
4770
4772
4774
4775
4776
4777
4779
4780
4781
4783
4785
4788
4789
4791
4792
4794
4795
4796
4799
4801
4802
4803
4806
4808
4809
4810
4811
4813
4814
4815
4817
4818
4819
4820
4821
4825
4826
4827
4829
4831
4832
4833
4837
4838
4839
4841
4843
4844
4845
4850
4852
4853
4856
4857
4858
4859
4862
4865
4868
4869
4870
4871
4875
4876
4877
4880
4883
4884
4887
4888
4889
4891
4892
4894
4901
4904
4911
4912
4913
4916
4918
4919
4920
4921
4922
4925
4926
4927
4928
4929
4943
4945
4948
4951
4952
4954
4957
4958
4959
4961
4964
4966
4967
4968
4975
4976
4977
4979
4980
4981
4986
4988
4989
4990
4991
4993
4995
